260
0
1
43
7
0


260
1
1
42
7
0


260
1
2
41
7
0


260
2
3
40
7
0


260
3
5
39
7
0


260
5
8
38
7
0


260
8
13
37
7
0


260
13
21
36
7
0


260
21
34
35
7
0


260
34
55
34
7
0


260
55
89
33
7
0


260
89
144
32
7
0


260
144
233
31
7
0


260
233
377
30
7
0


260
377
610
29
7
0


260
610
987
28
7
0


260
987
1597
27
7
0


260
1597
2584
26
7
0


260
2584
4181
25
7
0


260
4181
6765
24
7
0


260
6765
10946
23
7
0


260
10946
17711
22
7
0


260
17711
28657
21
7
0


260
28657
46368
20
7
0


260
46368
75025
19
7
0


260
75025
121393
18
7
0


260
121393
196418
17
7
0


260
196418
317811
16
7
0


260
317811
514229
15
7
0


260
514229
832040
14
7
0


260
832040
1346269
13
7
0


260
1346269
2178309
12
7
0


260
2178309
3524578
11
7
0


260
3524578
5702887
10
7
0


260
5702887
9227465
9
7
0


260
9227465
14930352
8
7
0


260
14930352
24157817
7
7
0


260
24157817
39088169
6
7
0


260
39088169
63245986
5
7
0


260
63245986
102334155
4
7
0


260
102334155
165580141
3
7
0


260
165580141
267914296
2
7
0


260
267914296
433494437
1
7
0


returned pc: 7
